14: [3.4, 1.0, 1.0, 1.0, 1.0, 1.0, 2.8]
47: [12.8]
12: [1.0, 3.4, 1.2, 1.0, 1.0, 1.4, 1.0, 3.4, 3.2, 0.0, 1.0, 2.0, 1.0]
94: [33.2]
16: [1.0, 1.0, 3.4, 1.0, 1.0, 1.0, 1.0, 1.0, 2.2, 1.0, 1.0, 1.0, 1.0, 1.0, 2.6, 2.2]
29: [2.4, 3.2, 5.0, 1.8]
15: [1.6, 1.0, 1.0, 6.2, 1.4, 7.8, 1.8, 1.0, 1.0, 1.0, 1.0, 1.0, 1.8, 2.4, 1.2, 3.2, 4.2, 1.4]
20: [1.0, 1.0, 1.0, 2.0, 2.0, 4.6]
10: [1.6, 1.0, 3.4, 2.2, 1.8, 1.0, 1.0, 2.0, 1.0, 1.0, 1.0, 1.0, 1.6, 1.0, 1.0, 1.6, 1.0, 1.0, 1.0, 2.0, 1.0]
27: [7.2, 2.8, 4.2, 1.6, 4.0, 1.0]
38: [2.2, 2.8, 25.4]
72: [17.4]
60: [7.0]
18: [2.2, 1.0, 1.4, 4.0, 1.0, 1.0, 3.2, 1.8, 1.0]
48: [9.8, 5.2, 7.4, 1.0]
17: [1.0, 1.0, 1.0, 2.0, 1.6, 1.0, 1.0, 1.0, 1.0, 2.2, 3.8, 1.0, 3.0]
37: [2.4, 26.0, 1.0]
88: [5.0]
63: [8.2, 4.2]
66: [6.8]
52: [2.0]
24: [1.0, 1.0, 2.0, 1.0, 2.2, 1.2]
36: [2.0, 2.0, 4.6]
30: [1.0, 6.2, 1.0, 1.8, 2.0, 5.6, 1.4]
11: [1.0, 2.0, 1.0, 1.0, 1.6, 2.0, 2.0, 1.0, 1.0, 2.8, 1.2, 1.0, 1.0, 1.0, 1.6, 1.0, 1.0, 1.0, 1.0]
77: [10.6]
22: [3.6, 1.8, 2.0, 1.0, 6.0]
21: [1.0, 4.6, 5.0, 1.6]
19: [1.0, 5.2, 1.2, 1.0, 1.0, 3.6, 1.0, 6.6, 2.6, 1.0]
55: [3.8]
70: [24.4]
71: [4.4]
35: [3.8, 3.2, 2.0]
97: [17.8]
43: [10.0, 1.0, 8.0, 1.8, 3.8]
23: [3.0, 1.0, 2.4, 3.8, 3.6]
13: [3.2, 1.6, 1.4, 1.0, 1.8, 2.4, 1.0, 1.0]
26: [3.4, 1.0, 1.8, 1.0]
40: [3.4, 1.0, 5.4, 3.8, 20.4, 3.2]
41: [12.6, 6.2, 7.0, 10.2, 3.2]
76: [9.8]
81: [5.2]
34: [11.0, 1.2, 1.6]
25: [4.8, 7.2, 7.8, 1.8]
50: [3.0, 21.0, 5.0, 6.8, 1.0]
54: [5.8, 15.2]
44: [16.0, 1.2, 5.8, 3.6, 4.8, 10.4]
75: [38.0]
28: [1.0, 1.0, 2.0, 2.2, 1.4]
45: [13.8, 17.6]
42: [20.8, 5.0, 18.6]
49: [4.8, 5.6, 20.4]
65: [51.0]
56: [6.8, 6.2]
58: [2.2]
31: [1.0, 3.2, 2.6, 1.8]
87: [1.8]
57: [9.0]
33: [8.6, 4.6, 3.4, 1.6]
80: [11.0]
32: [6.2, 1.0]
51: [10.2]
61: [6.2]
46: [2.6, 3.0, 3.8]
39: [1.0, 21.8]
96: [40.0, 30.6]
53: [6.4]
68: [47.0]
62: [7.0]
73: [27.8]
74: [14.6]
86: [19.0]
67: [3.4]
59: [2.6]
