10: [10.865174825174824, 12.167664002664003, 10.183642930856553, 9.526153846153846, 9.61075396825397, 9.227676767676767, 9.758571428571429, 14.17857142857143, 11.09090909090909, 10.26923076923077, 9.222142857142858, 8.5, 10.058231702937583, 7.777460317460319, 9.105050505050505, 10.14090909090909, 11.80952380952381, 12.643437118437118, 8.8, 12.203892773892774, 6.9]
11: [11.775213675213674, 9.20080808080808, 14.739203574203575, 6.010909090909091, 10.7569696969697, 5.714285714285714, 6.187857142857143, 13.539860139860142, 7.111111111111112, 12.394879355250874, 13.238754578754577, 7.861904761904762, 13.781501831501831, 10.576132756132756, 8.733333333333334, 10.762222222222222, 7.99090909090909, 13.655757575757576, 10.971538461538461]
12: [33.02329004329004, 8.671941391941393, 8.101874595992243, 12.30858585858586, 9.969816849816848, 14.94845238095238, 9.178484848484846, 12.043333333333333, 10.256089743589744, 12.0, 15.213970588235295, 13.904761904761907, 10.31176046176046]
13: [11.831428571428571, 11.865333333333332, 11.884115312791783, 13.867619047619048, 12.066566831860948, 17.304754901960784, 13.229691876750701, 10.665164835164836]
14: [39.45421888053467, 10.805555555555555, 12.676680672268906, 18.064916580667358, 4.733333333333333, 8.842222222222222, 15.20952380952381]
15: [12.718241758241756, 17.499886235195834, 13.933333333333332, 12.509989141293492, 12.751593567251463, 14.08442060837713, 10.552727272727273, 8.666666666666668, 15.505979853479854, 8.72111111111111, 12.474871794871795, 9.008333333333335, 14.584330925352598, 14.908313553491572, 18.497668353891264, 15.616401689708141, 14.748833849329205, 12.831111111111113]
16: [45.020203081232495, 27.284124527003787, 12.867328474430568, 15.750311355311357, 15.884084249084248, 19.38888888888889, 10.100252525252525, 14.765714285714285, 13.357644365438484, 12.765164835164835, 18.456977124183005, 8.933333333333334, 11.983216783216784, 11.763636363636365, 16.052879256965944, 17.88542661000327]
17: [13.061111111111108, 14.797575757575757, 6.49076923076923, 18.585714285714285, 28.700119047619047, 12.255677655677655, 9.75590909090909, 18.38794977640179, 18.59783281733746, 18.91444139194139, 13.803729603729602, 11.825213675213675, 21.64234753550543]
18: [19.454139194139195, 10.021111111111113, 17.75637254901961, 16.466678653154624, 12.937118437118437, 19.594950980392156, 15.919156537589036, 24.371158853759475, 4.777777777777778]
19: [17.566153846153846, 12.362300261372619, 21.13799253034547, 13.700606060606063, 13.563636363636366, 15.338011695906431, 16.976666666666667, 12.610130718954249, 20.157252736843528, 13.057417582417585]
20: [18.87859806859807, 9.260000000000002, 7.791666666666667, 13.628044511789131, 11.357023809523808, 11.630336134453781]
21: [22.92962651727358, 18.583428656810618, 21.36733573833574, 13.95653594771242]
22: [18.56008808582722, 25.874390715350465, 27.483695533769065, 14.222222222222223, 20.166149944944436]
23: [24.510167698658414, 17.965291375291375, 28.418606744133058, 19.936600458365163, 23.473290043290042]
24: [7.111111111111112, 7.111111111111112, 30.967238562091502, 13.511515151515152, 35.466934001670836, 20.410799547889333]
25: [26.957735042735045, 23.36151219644553, 27.096719412911362, 33.70431501547988]
26: [28.643969474969474, 12.01111111111111, 25.439068627450983, 14.008547008547009]
27: [22.798705773442613, 14.198900225161832, 24.002255687917458, 30.07105038852165, 21.732853023519688, 17.210238095238097]
28: [15.804848484848486, 13.576969696969694, 28.571428571428566, 33.1316149068323, 26.139396858158467]
29: [49.58475249388293, 38.76397703745529, 37.54393714083187, 37.21088630667578]
30: [21.444444444444443, 38.60438006486267, 7.111111111111112, 24.10471605406088, 20.450833333333335, 27.822183609131447, 30.51610805860805]
31: [25.644871794871797, 37.64614635622873, 24.155951152390777, 24.75503267973856]
32: [35.90317213154377, 17.168872549019607]
33: [26.664232144666926, 20.59398983127302, 29.90579026770331, 32.010575622061694]
34: [35.23622689629211, 20.694444444444446, 10.40412087912088]
35: [38.840691871977455, 39.498856410256415, 36.41082137161085]
36: [24.06512820512821, 38.313529719569765, 44.08733860342556]
37: [33.08059364096516, 37.8118950141009, 19.36563545931193]
38: [53.8346994792647, 39.99749206349206, 45.49750587007337]
39: [11.640227272727273, 51.28056982477267]
40: [61.85243908845928, 20.133640350877194, 48.70766725062377, 36.53793768683424, 24.13221938662001, 43.77244180939833]
41: [24.63953315934387, 55.55339203967576, 57.217794025766615, 55.11052952982199, 39.39832080200501]
42: [47.038916006253785, 26.561998175996887, 34.95203013282537]
43: [51.50611247947455, 9.983333333333334, 63.68794568579568, 26.84161764705882, 27.511602809706254]
44: [41.218302600251164, 22.19422723475355, 67.81958681739715, 33.482511946830826, 59.554936100936104, 50.53317416625528]
45: [69.97969840208812, 45.7831814832326]
46: [43.72365424430642, 37.12464912280702, 47.4999946836789]
47: [118.94877901666632]
48: [71.77058442620651, 50.44418875911507, 67.2515789520642, 16.77777777777778]
49: [54.333513181504486, 68.31668472984262, 51.25370240205549]
50: [56.34824257613731, 44.61103511606251, 65.38699162600813, 51.486975899147204, 16.822222222222223]
51: [53.48262621625618]
52: [35.842823725981624]
53: [67.46098377330893]
54: [48.66569307986699, 50.088548634409776]
55: [86.11317591297593]
56: [66.56072839506173, 78.3606235451791]
57: [81.1541529408026]
58: [44.11341449803693]
59: [69.70731648785997]
60: [90.71236019127743]
61: [41.355664274322166]
62: [89.1749468602917]
63: [71.36060613803261, 71.12506574596135]
65: [71.80814898501896]
66: [48.244067211524104]
67: [47.119107313738894]
68: [83.2656112031008]
70: [109.32683764721855]
71: [93.37834882614194]
72: [138.89774562112353]
73: [100.73148889301383]
74: [41.79409943019943]
75: [76.46036985562428]
76: [96.71915270256552]
77: [109.61995458391566]
80: [96.7349821136306]
81: [118.58970598290598]
86: [114.44231552323015]
87: [95.52963118254522]
88: [81.60992904518992]
94: [237.57643102715693]
96: [111.19936806621865, 122.81761091709413]
97: [124.1740661327296]
