10: [16.5, 26.57399267399267, 12.190643274853802, 12.414285714285715, 12.835238095238093, 13.580000000000002, 15.028571428571428, 31.714285714285715, 20.8, 16.8, 12.155555555555557, 10.275, 13.155761150614092, 8.866666666666667, 12.645454545454546, 15.183333333333332, 22.52307692307692, 26.66238310708899, 13.52, 23.736363636363638, 7.32]
11: [19.348484848484848, 11.5, 34.58186147186147, 4.631111111111111, 16.70181818181818, 2.0, 3.977777777777777, 34.95, 5.75, 18.83086956521739, 27.983516483516485, 9.275, 31.853333333333335, 18.044444444444444, 9.836363636363636, 18.860000000000003, 10.919999999999998, 29.81428571428571, 19.764285714285712]
12: [20.80769230769231, 8.61904761904762, 8.6, 24.57090909090909, 15.516483516483515, 37.53333333333333, 12.934265734265733, 20.5, 14.017142857142858, 29.0, 42.2625, 31.771428571428572, 16.84]
13: [19.506666666666668, 19.63529411764706, 21.708039215686274, 29.243956043956047, 20.96514705882353, 46.749264705882354, 30.28392857142857, 18.537179487179486]
14: [35.008421052631576, 18.21818181818182, 27.486666666666668, 58.15653594771241, 2.075, 11.13181818181818, 37.02857142857143]
15: [24.642857142857142, 56.526977124183006, 36.519999999999996, 20.115567099567098, 24.194117647058825, 25.60188888888889, 17.874545454545455, 12.142857142857142, 43.226666666666674, 11.336363636363634, 25.63095238095238, 10.89090909090909, 33.52614379084967, 34.445029239766086, 60.06302717578259, 28.100860215053764, 32.36525627794978, 23.422222222222224]
16: [82.57638655462185, 91.13405572755418, 23.354338624338624, 45.959999999999994, 46.894285714285715, 62.0, 16.365000000000002, 37.0, 28.772142857142853, 26.89238095238095, 59.11235294117647, 10.878787878787879, 24.066666666666666, 23.2, 42.240935672514624, 54.26808612440192]
17: [25.763636363636362, 39.57692307692308, 5.536363636363636, 62.626666666666665, 62.279999999999994, 24.66153846153846, 15.511111111111111, 61.95032679738563, 62.9156862745098, 64.47260073260074, 25.133333333333333, 19.11060606060606, 74.01356725146198]
18: [63.9, 16.18181818181818, 57.63970588235295, 38.46329004329005, 25.12179487179487, 71.22039215686274, 38.230926030491254, 108.24458695759006, 2.125]
19: [56.13787878787879, 17.742069273950868, 82.03684210526316, 30.071428571428566, 29.414285714285718, 33.72315789473684, 49.78571428571428, 20.19705882352941, 51.06363636363636, 28.529523809523813]
20: [61.663636363636364, 12.727272727272725, 9.75, 32.28745098039215, 20.32, 18.307500000000005]
21: [96.73820728291317, 58.083163341913334, 77.19073680253891, 31.024264705882352]
22: [50.34891304347826, 116.35058479532162, 132.68544891640866, 30.7, 58.2832757296467]
23: [98.17666666666666, 59.00457875457876, 152.05042497548217, 55.814492753623185, 93.19571428571427]
24: [5.75, 5.75, 168.8926470588235, 29.28571428571429, 222.1645029239766, 67.92512605042018]
25: [112.73600284900286, 86.47496296296296, 126.18990798073614, 214.05220588235298]
26: [127.69392592592594, 19.818181818181817, 120.39666666666668, 28.46515151515151]
27: [74.88094586143366, 31.39966583124478, 81.86989661654135, 147.82385022385023, 77.27538854504373, 49.95333333333333]
28: [39.885714285714286, 29.571428571428573, 142.0, 189.5336363636364, 127.88104575163398]
29: [276.9365142104273, 261.44996047430834, 240.7702422723475, 242.98017543859652]
30: [112.36363636363635, 249.7318003220612, 5.75, 100.0814074074074, 71.61333333333333, 128.6084671289577, 168.77142857142857]
31: [118.18633053221288, 249.54684438368645, 104.24100447196425, 111.65254901960785]
32: [205.8132808443153, 55.690441176470586]
33: [109.70110086370956, 68.23148745110132, 147.9171851851852, 190.41795665634675]
34: [199.37478260869565, 73.74285714285715, 15.186666666666667]
35: [236.11881313131312, 268.04, 233.62654135338343]
36: [110.07619047619048, 229.53569786535303, 336.33337662337664]
37: [197.1419042704801, 197.04918737302702, 68.19583333333333]
38: [291.82887445887445, 283.2753801169591, 284.53091207089085]
39: [22.81919413919414, 380.49719273175987]
40: [662.8830835830836, 75.5160294117647, 390.50855994729903, 226.92953512132826, 78.31000261406766, 333.4836627140975]
41: [90.08156843686068, 512.3945702445702, 554.4423406593407, 511.39131390348786, 266.97761904761904]
42: [311.04430556680984, 108.94327797521414, 160.93905734998032]
43: [430.5299936437312, 13.0, 692.6370221043325, 132.15024509803922, 126.681925673305]
44: [234.52113460183227, 83.48473684210526, 782.4568704615947, 198.49226890756304, 579.2611623931624, 400.2231230860642]
45: [758.6098102877514, 273.7568800416342]
46: [326.34027856201766, 241.79052631578944, 410.2290726817043]
47: [181.32558037841122]
48: [873.1483870967743, 398.5148387096774, 752.1583703703703, 55.775]
49: [483.8896731078905, 776.355152520942, 357.4189009058574]
50: [561.3774436090226, 266.1399165275111, 695.3722262831718, 395.94988505747125, 56.25]
51: [449.690578817734]
52: [205.7326797385621]
53: [760.4868376068376]
54: [414.7463203463203, 363.75564062155826]
55: [1266.4396666666667]
56: [738.2120569800569, 1043.6964731309558]
57: [1089.3688836898395]
58: [344.32109592162226]
59: [821.2044042913609]
60: [1411.5599576719576]
61: [279.4969540104621]
62: [1355.2399063899063]
63: [825.6435531788472, 803.0021206965479]
65: [670.6348144767899]
66: [370.7848103284696]
67: [374.5495238095238]
68: [952.9177701866183]
70: [1898.3228850690932]
71: [1496.9760065120065]
72: [1164.8331158180004]
73: [1380.0902688172043]
74: [245.88307692307694]
75: [813.8217083654138]
76: [1495.737445775121]
77: [1935.3761973621483]
80: [1550.7938824884793]
81: [2436.5439999999994]
86: [1903.742711287578]
87: [1699.9728813559323]
88: [1166.6538260869565]
94: [691.0789055098732]
96: [1727.7821142809917, 2060.542204081633]
97: [2196.9362822594076]
