10: [1.4, 1.0, 4.0, 2.0, 1.4, 1.0, 1.0, 2.0, 1.0, 1.0, 1.0, 1.0, 1.8, 1.0, 1.0, 2.2, 1.0, 1.0, 1.0, 2.0, 1.0]
11: [1.0, 2.2, 1.0, 1.0, 1.8, 1.8, 2.0, 1.0, 1.0, 2.8, 1.4, 1.0, 1.8, 1.0, 1.8, 1.0, 1.0, 1.0, 1.0]
12: [1.0, 2.8, 1.2, 1.0, 1.0, 1.6, 1.0, 3.4, 4.8, 1.0, 1.0, 2.0, 1.0]
13: [2.6, 2.4, 1.4, 1.0, 1.8, 2.4, 1.0, 1.0]
14: [3.2, 1.0, 1.0, 1.2, 1.0, 1.0, 2.6]
15: [1.8, 1.6, 1.0, 3.8, 1.6, 7.8, 1.8, 1.0, 1.0, 1.0, 1.0, 1.0, 2.4, 2.4, 2.0, 3.8, 4.0, 1.6]
16: [1.0, 1.0, 3.2, 1.0, 1.0, 1.0, 1.0, 1.0, 1.8, 1.0, 1.0, 1.0, 1.0, 1.0, 2.4, 2.2]
17: [1.0, 1.0, 1.0, 1.8, 1.6, 1.0, 1.0, 1.0, 1.0, 2.6, 3.2, 1.0, 5.6]
18: [2.2, 1.0, 2.4, 7.0, 1.0, 1.0, 2.6, 2.2, 1.0]
19: [1.0, 10.8, 1.0, 1.0, 1.0, 5.4, 1.0, 3.6, 4.8, 1.0]
20: [1.0, 1.0, 1.0, 2.0, 1.4, 3.4]
21: [1.0, 3.2, 3.0, 1.8]
22: [5.4, 1.0, 1.4, 1.0, 5.2]
23: [2.2, 1.0, 1.8, 5.0, 5.0]
24: [1.0, 1.0, 1.8, 1.0, 3.8, 1.6]
25: [6.2, 5.6, 4.0, 1.4]
26: [4.0, 1.0, 2.0, 1.0]
27: [8.4, 2.6, 9.2, 1.6, 4.2, 1.0]
28: [1.0, 1.0, 2.0, 2.6, 1.2]
29: [2.4, 4.6, 3.6, 3.0]
30: [1.0, 3.8, 1.0, 1.8, 2.0, 1.8, 1.4]
31: [1.0, 3.4, 2.2, 2.0]
32: [6.6, 1.0]
33: [6.6, 4.8, 1.6, 2.0]
34: [8.4, 1.0, 1.6]
35: [8.4, 4.2, 2.2]
36: [2.0, 3.4, 4.8]
37: [2.2, 18.2, 1.0]
38: [2.6, 3.0, 13.2]
39: [1.0, 18.2]
40: [4.0, 1.0, 3.6, 3.8, 14.0, 2.8]
41: [9.2, 4.0, 2.8, 7.6, 3.0]
42: [14.4, 8.4, 17.0]
43: [10.8, 1.0, 6.6, 2.0, 5.4]
44: [21.0, 2.0, 4.2, 3.2, 4.4, 8.2]
45: [20.8, 22.8]
46: [4.2, 2.6, 2.8]
47: [15.6]
48: [10.8, 8.6, 4.8, 1.0]
49: [8.2, 9.8, 22.2]
50: [3.6, 30.0, 6.0, 7.4, 1.0]
51: [11.8]
52: [2.0]
53: [5.0]
54: [4.8, 10.4]
55: [6.0]
56: [7.0, 4.2]
57: [7.4]
58: [2.4]
59: [4.0]
60: [5.2]
61: [4.6]
62: [7.8]
63: [9.4, 4.2]
65: [46.0]
66: [7.0]
67: [2.8]
68: [35.2]
70: [15.2]
71: [4.4]
72: [14.2]
73: [33.8]
74: [10.4]
75: [42.8]
76: [18.4]
77: [11.8]
80: [11.6]
81: [5.8]
86: [16.0]
87: [2.4]
88: [5.2]
94: [18.6]
96: [43.4, 28.0]
97: [28.0]
